Cost (USD/Kilobase),Time (Year),Yearly Production (Kilobase),Previous Production (Kilobase)
5.292392885,2001.666667,32400720,NA
3.898635412,2002.25,32222340,32400720
3.413801195,2002.666667,37467912,64623060
2.986204671,2003.25,46090308,102090972
2.230975235,2003.833333,65732532,148181280
1.598909789,2004.083333,71449008,213913812
1.135698674,2004.333333,84979188,285362820
1.107463652,2004.583333,88930524,370342008
1.028850676,2004.833333,101584260,459272532
0.974164976,2005.083333,99596388,560856792
0.89776108,2005.333333,103290492,660453180
0.898901339,2005.583333,119139504,763743672
0.766729122,2005.833333,123323652,882883176
0.699203272,2006.083333,119857428,1006206828
0.651807473,2006.333333,132078792,1126064256
0.636406401,2006.583333,131464896,1258143048
0.581919798,2006.833333,134985216,1389607944
0.522707717,2007.08333,130853244,1524593160
0.502611276,2007.333333,120539256,1655446404
0.495963452,2007.583333,119707500,1775985660
0.397087299,2007.833333,121453140,1895693160
0.394788244,2008.083333,109717128,2017146300
0.512483869,2008.333333,70207104,2126863428
0.626325235,2008.583333,35793456,2197070532
0.84793089,2008.833333,32444760,2232863988
1.019259585,2009.083333,17432604,2265308748
